1.1324611079926115
2.2083765248863796
3.051968670794948
0.7207822073765162
1.8678424289799778
3.316793397828879
0.09149958945562275
3.8001908296708007
0.8210977060226425
3.513226633061535
3.9604469913429052
0.3885847366966635
2.7782562511782203
1.361362609597661
2.3013480203108343
0.6864484644886679
0.9607901344676573
3.6530932549936335
3.1362240720815686
0.36756803610430966
0.5249340723782505
1.846714786395823
3.4148068218134613
0.35258884428706905
3.8431752453244514
1.9864219657174726
1.2180422213547697
3.8964508081746425
1.2682293245222627
1.448925163570074
2.2410170161393412
0.33747811250653115
3.2087270872337266
1.3981693558765587
0.370859592922284
3.953560181929776
0.5997413057336063
3.489295209726078
2.491573435445861
1.5935123117684604
3.230189864733523
3.1481340543431235
3.0891676721103805
2.0993649612888863
2.893057757927687
3.662688720035294
2.7968547305692075
2.0079837247808108
0.9532861274735978
3.3582046905861542
2.7114915185919353
1.618080542707642
3.6820844764739564
0.2875967268171009
1.1288488418242348
3.2313313226165103
3.5853250340927016
3.1541476763987686
3.2866956025666076
3.2239719467210595
2.9575890988403537
1.5935558727951382
3.7710966867210427
3.57790186193633
1.0223368020594257
1.4775623506597095
3.432722198733213
0.5979785619821523
2.272581823309014
3.5615453245604765
1.9763803509875757
2.7648449689782315
3.0053564894461924
0.5836262177286882
3.828385323836397
2.020286241847806
3.5471592212179663
0.8329871398614359
0.45278071328188485
1.2547686624779204
3.29648408420441
3.2402564820458353
2.9788476292145885
1.3644719316273228
0.46343606938717574
2.2029751364503425
2.8187280779720143
1.9677788023542462
2.26534449394521
1.6443125466859456
2.8954031447243604
2.7188453638591485
2.34119032310236
3.213357325118665
0.16767345837848913
3.128529363359018
0.27657307068926285
3.070464635356495
3.330191169503295
3.9006126123010287
3.3848452324429497
1.361296984453134
1.8830031013807398
0.013906454280749436
3.2689514854853274
2.268353473811012
0.2064683484692873
1.128488157964004
3.1924150634321276
0.4389369929094493
0.84382213744541
2.36697277328564
2.916819080721537
3.6236658027366
0.8850608027513118
2.1193775458641455
1.4170385758069206
3.519792823561735
2.162232837803154
3.2427968206944673
2.76438430641282
1.0987508070987921
1.9076237403797802
3.8747585673223055
2.471724960549275
3.107499025740593
1.5927314256809195
0.05179108618593187
2.7235622325558206
0.9684029790606048
3.8573325910010405
0.42238420877636385
3.1679382069177358
1.96253427109237
0.7543496683743824
1.5661863033411159
3.3259615219394822
1.3664356947962646
2.9776307365606893
2.7789331859713453
1.1786440954811916
3.122549937284111
3.306165048055913
3.655264170577932
0.1196476601653731
3.658670754095571
0.18965874598758736
2.399232049549957
3.2164448630223137
0.6319269194566077
1.2168054102771944
1.5149757804018278
3.601305857068243
3.6579693253699457
1.1489902156255711
2.3776753067576855
0.8174276133584493
3.4961863877080877
1.268572633119938
3.157569258707559
1.074430148069978
3.6969282634562615
1.9823000473167558
1.6674676346919703
2.6213492251687853
2.376878852885399
2.936810530500396
1.9268525745584362
1.824161781831903
3.573868107096864
0.3445879711045876
2.583312811867935
1.0387856488172051
1.5425765735118206
3.7851415623834392
2.804715648026615
3.9994041677966603
1.3877366340848987
0.43758478358827535
0.8531759171229392
0.1958678962248137
3.5915949476282263
1.517198250865318
2.274537746323172
2.592837440182285
0.2775537147092373
1.6299649731641117
2.4847416046907753
1.0472317515142122
3.4620668196907896
2.825473368241388
2.507104146789916
2.9094586305198487
2.0820217885229515
1.3199907891971967
0.7121959283397672
0.5478046687700657
1.2449957337321567
2.1779141701691582
1.63465796757471
0.9142723828435986
1.934928152104464
3.6812132443007397
3.288954016766107
2.7740563779985634
0.3159126887780457
2.682886021542796
2.878711472387803
0.8497569221251058
2.811962160940105
2.9318542424991065
1.3919614009622427
0.8853365762233549
2.3007612058309777
0.1731301815499693
2.2972425415446875
1.5137300610487312
2.04457433775991
2.7684961271144912
0.4031918619957717
1.8159258373703606
3.3916358882618707
0.6493403504691035
3.9169002282627963
3.5882415948476614
2.8165012951180937
2.6047021556999574
1.8339671859305398
2.588424935820713
1.5279998511653266
2.2239838473638587
0.015845777870956645
3.4101148725422155
0.6585811101665615
2.2551939276378405
2.6577251811971285
0.13910588606360186
0.9590053372519893
1.7059916934073605
3.3228531183058987
3.573764520148451
3.9574856522149466
1.7062106128307515
3.316859229179527
1.5458518900838683
1.7025428054268446
2.96694278453957
2.8982938584502183
3.756914504907924
0.49399315992102455
1.612674308371803
0.6692552166856989
2.5493099419509697
2.416643852708118
1.2293670540391068
0.4626326802324012
0.15984140014173054
3.0264272408794484
3.162787712725803
3.1401510582198013
3.2578809864653326
2.198862331763647
2.4177935537709594
0.9380568199388093
2.9487678444424024
3.934886693138579
2.9506878184592717
2.344942838782085
2.9271733184796647
3.8292592929402876
1.7131664175404455
3.9688657928791304
2.094032038283417
1.9418913379367249
3.4977816640394086
0.44856418582339996
0.7045437323210595
1.9726162024702
2.4512563936518816
0.18624562309931836
0.9936568710507432
0.925069246664195
1.0633884715886377
1.5270619176036897
2.2293514820826927
0.855501559090087
1.5056899862303244
0.983053225644047
2.272944968611013
1.8375092698426223
1.3853136448707373
0.19699442756978502
0.9795503668736449
2.933816403838518
0.2962242202303922
3.564234696423224
3.150723999478811
1.7514052346046003
2.9909791630114313
1.7782775507342654
0.2552436739701087
3.066443279023291
1.5628893975160767
2.0385044386844458
2.7628673674070936
3.040615748267406
0.7197359336364215
1.2561021364965064
2.689826489293805
3.7106232072519605
1.0466267562496205
0.3169083149018217
0.8337150158934161
0.7177656466583167
3.0969823131041854
1.3075494149921996
3.179341747288604
3.6546870048545097
0.21704492089181793
3.583896829211052
0.08602009827475854
0.9415122797272204
2.20071486415601
2.658528292005496
2.1206736057491744
1.8037641594867964
3.1879202371101454
2.1065331683289115
1.7800457918687846
0.7096038949992587
3.6611351712303835
1.0366601528905655
0.8492037726146044
2.5340960928832166
1.9610669948619677
2.147460466959305
0.7724373839855598
3.7533538776473208
1.433938753961899
1.9857355191530002
2.166555770989963
2.131577545186702
3.1392009948214996
3.7472550627749954
3.485495070558137
0.6491553361211393
2.987910465355919
1.8073685851726773
3.8490523223739124
0.8301513819060604
2.24842302766189
2.141787692989051
1.177471790553322
2.162662682938095
3.5474513124732194
3.8954735316836695
2.0275103873205103
1.965682139451851
0.8109454531402065
2.5802213347560787
3.904521745527298
3.8412630008400868
1.0306620099878652
0.7291881964579976
2.3289987156877516
0.7609328056381037
2.308689253159397
3.3092674924056773
1.5649240764990213
0.8704650658167989
0.32360877069665683
0.7898702207040196
1.6711843828519606
2.2572705385312677
0.1783738814876532
2.4893278754111416
3.4162072580991043
1.2098275356998696
0.5313948850063728
0.6677902085449694
0.599891048075682
0.9087254922081498
3.9787273141115707
1.8081454456654051
0.4557983543415567
2.024054682467754
3.8466641001166417
3.624147345913989
3.0604956200244433
3.3540283633972594
2.870439665984825
0.5575907944906042
0.05582308340628339
3.424882279651728
1.676161288075615
2.8740321056381304
1.4937881219802795
0.8822513938094501
2.549486198625665
2.9392077981509264
3.242681282814553
2.53937984741329
2.6659738802288673
0.8559614552453532
2.146918670131412
3.107678054702075
0.7744440081969324
2.3641441248649406
0.012022679304043216
3.920293863438999
0.2660807791339259
0.7536109260460893
2.4900581754276416
1.3695257610523681
3.6284287251613994
3.5130915851683526
3.069747763401949
3.31405668190922
2.474832016844591
3.5353695262675244
1.6293961757413573
3.3721478849655444
1.6562745912741326
3.921861332379258
1.3896595372700924
2.802086990582027
3.403986079253701
0.777341469361982
1.607102319416763
1.581338491821331
2.0175837979698423
1.858218636795935
3.978390309971755
0.33100604160925196
1.3049275991543907
2.5354201340234312
2.4788748175402557
2.8923661581913995
1.79627026984859
2.255602627809443
1.2382289809086333
1.6473948006725196
0.6966932019758385
0.5320597469519459
3.059703071467964
0.085360742066249
0.6072225554225916
1.469355638154095
0.3184739690542706
3.6527171143236057
1.2364277002140693
3.9233688041909813
0.22846663065281714
2.5836795538309656
3.6407102637694386
0.6210871570478855
3.8459358876278538
3.1940341295239216
0.972897377432528
1.91215116911214
0.6819984323652104
1.0308760534703558
3.2851605271961306
2.2967983079458034
2.4252164629392423
2.3061345586279867
2.6236855082829074
0.47251919069782966
0.029235104198401363
1.2018977310591383
0.4689280642918967
2.364389920507156
0.2993869923864154
1.920705695980141
0.5166932493399341
1.4517040351384312
1.1160801053831766
3.764137160285033
3.861684339997564
1.6761813343950465
2.5616928701385198
1.058171239683162
2.836573461188712
1.3146887366849507
0.47160591506999294
3.4039618389791584
2.076051274615754
3.422063689962555
1.3089081609391253
3.5178191259756546
0.8167203879420675
3.7972877600646213
0.7662172587081941
1.8343472534364031
1.0101034188665783
2.8989126678742236
3.1269654690630024
3.0818461748349457
1.5174411751034098
1.7332995638770696
0.17240381585467812
2.1992386910932176
3.471365328412989
1.4618864294729992
1.2994868411980547
3.2489433204864717
1.8309340294988674
0.32135610629011957
2.5187050859950384
1.39026638735711
1.2229266542512898
1.423233094092467
1.1298388939254744
0.5130469439365317
2.3536982571361444
3.097094322139057
1.127513203302862
1.7914395013529596
2.5923030234954707
3.6642331176943266
3.7673396033021276
1.2028814819185456
0.7670004164697368
2.876275628713314
2.2273386120943792
0.9674430593456047
3.783664362683539
2.725901117647214
2.928239619392694
2.897917547869821
1.3660226275926588
0.9344768502066678
2.8301642448925426
2.81116404605723
1.0340588275414557
3.144072895457007
1.9021042617557056
0.43637160359633453
2.3783172450319974
2.6889790055450984
2.964511237311419
2.666070514418104
1.7542549152048568
1.794502053253098
3.234221055486603
1.5308712086262526
3.712193368424313
3.1484780946264666
1.1548442356630848
3.9390694469343677
1.7948280452878569
2.013591151178077
0.4746573842988755
2.0074113792702315
2.775659488155178
0.39624334420951657
3.0379382884166213
0.719468222688052
0.9781164805779343
2.2603829637758848
2.38459362688588
3.6832275447030187
3.0065486045062233
0.37234713789332385
2.006833917097608
1.9196642608624557
2.0366708769905983
3.0854365143049622
0.9905567404745943
2.89920857572414
0.7544493723359111
1.2205933729245668
3.773005725420139
1.4531884994707704
3.0988237342719906
1.1722122231762513
3.8771792703837153
2.7224762377795546
1.155068864779361
2.465766590727424
3.7373680726005554
3.9657272503787566
2.862002113211123
0.21659302501210487
0.10910854088109057
2.8347560042158544
2.6376524451443943
1.2868297861840552
3.06074397430762
0.6347476422645224
2.594410039861519
1.4101637937703573
2.1726915723970293
2.122163524988645
2.7060847013613873
3.1516936895952945
2.3244219790935468
2.5533515800364
2.105704946010603
1.292877033115547
